3 12 23 27 16 23 9 8 25 22 9 29 8 26 29 15 8 12 16 27 19 22 22 30 0 11 19 24 29 7 23 10 22 24 5 23 13 27 17 31 29 24 28 14 23 19 14 11 2 17 18 19 31 19 16 21 24 
13 5 3 24 5 10 3 4 10 29 7 2 16 7 18 18 15 21 9 30 4 26 31 14 30 26 26 4 0 28 7 14 8 7 28 9 14 5 15 1 26 25 8 30 30 19 4 27 11 25 30 23 14 8 0 18 29 24 20 14 10 6 26 5 18 8 6 29 30 1 2 28 22 0 12 
27 11 27 28 18 13 11 6 17 19 25 15 19 14 13 27 5 7 17 29 5 1 7 6 31 28 21 22 1 18 25 21 5 19 2 22 21 3 24 5 12 7 23 21 27 15 29 1 21 27 0 0 11 22 19 29 0 1 7 11 19 12 5 13 25 8 28 18 23 7 3 28 21 6 14 15 30 1 9 5 7 14 2 5 23 1 11 6 16 22 15 6 28 12 5 25 21 22 26 5 23 
20 26 1 25 29 28 18 26 22 10 1 13 0 21 4 19 12 16 12 13 26 10 0 29 25 3 20 21 28 26 24 28 27 1 27 22 27 7 20 10 29 4 12 18 6 9 18 28 21 29 31 24 4 1 9 7 26 3 11 29 16 4 26 13 5 12 18 10 
11 23 10 7 10 10 23 24 12 29 25 8 20 22 4 23 16 11 17 31 24 18 0 0 14 4 24 25 28 27 17 29 12 29 24 0 29 17 22 11 13 23 1 13 9 13 26 10 23 5 27 25 3 16 11 24 8 0 6 5 23 1 30 2 31 22 0 5 27 11 
8 23 3 0 24 30 28 10 13 4 12 26 13 23 11 16 21 9 25 10 8 27 11 15 6 28 9 31 11 24 4 0 5 0 12 0 14 3 19 26 2 24 2 31 15 2 31 17 6 20 0 11 17 29 6 29 7 16 31 8 29 12 26 9 8 14 29 30 30 1 4 18 30 16 0 30 11 20 8 20 29 31 15 31 6 22 13 0 5 21 20 27 0 24 23 11 9 29 10 5 29 21 3 8 10 2 11 
12 1 31 10 8 14 4 21 12 12 1 10 27 30 4 3 27 26 28 30 11 11 23 25 29 29 7 6 25 25 30 4 13 6 3 10 9 25 21 20 20 22 13 4 5 24 27 29 27 28 2 3 15 30 17 22 27 24 16 27 17 30 29 8 0 5 26 3 7 7 11 24 16 19 20 23 0 11 15 30 4 19 18 10 7 16 26 23 17 6 3 11 29 29 24 25 23 11 9 19 19 15 31 15 9 20 26 11 24 9 20 11 10 29 12 18 26 2 
30 1 20 12 15 9 0 0 22 25 11 26 22 6 25 4 6 31 16 8 20 4 21 6 13 29 20 22 10 2 12 8 5 8 25 5 12 17 9 8 23 5 17 25 16 0 21 8 23 15 4 29 4 22 17 22 10 4 24 2 
14 26 30 13 4 26 29 22 2 26 8 0 21 21 22 24 0 26 28 29 1 18 6 9 29 4 0 30 26 31 23 23 26 5 0 17 7 22 30 12 30 29 19 29 10 10 10 17 26 13 
23 5 4 26 10 0 3 16 25 7 21 23 19 19 21 26 9 30 19 19 31 7 27 24 6 29 1 1 26 5 7 27 17 21 11 11 27 4 7 11 7 1 24 13 5 30 11 19 14 12 22 8 23 19 8 4 26 12 7 8 7 0 
19 12 8 27 6 1 29 28 1 23 17 26 21 0 18 14 6 24 15 7 9 27 17 22 12 5 25 17 30 
21 12 2 17 18 9 5 22 18 30 10 31 27 4 3 26 31 31 13 2 16 18 27 8 13 27 4 16 12 19 17 21 5 26 8 10 2 2 2 23 4 2 4 13 10 11 6 31 13 24 19 18 0 21 21 19 3 10 27 12 29 2 3 11 21 1 0 19 10 27 17 19 29 10 30 0 21 28 16 6 16 25 2 19 10 19 9 25 31 18 7 31 18 24 23 19 15 23 6 4 9 0 20 12 0 14 0 15 28 31 7 29 25 8 24 24 1 
31 2 19 17 11 2 22 26 11 28 6 16 5 19 21 23 21 6 16 16 9 10 24 26 24 7 22 24 30 18 10 6 29 31 16 15 31 10 26 11 0 15 29 20 27 21 27 27 9 12 13 11 16 19 11 18 5 28 9 23 3 13 3 15 7 18 5 9 4 16 27 1 26 11 3 0 17 29 0 29 28 7 13 11 23 24 16 2 
7 2 2 15 20 2 30 24 0 29 25 30 28 14 17 24 11 10 17 12 17 28 30 11 2 4 21 18 17 18 8 5 15 20 23 3 3 11 20 9 22 21 18 3 0 25 2 10 10 18 3 31 29 10 12 18 1 11 2 27 3 26 12 26 13 24 30 20 19 10 3 18 3 15 18 8 31 2 12 3 19 27 0 10 28 4 12 19 19 27 20 30 14 27 23 4 9 1 4 18 25 
6 2 8 16 8 2 28 31 12 23 9 27 28 19 2 29 18 5 14 4 28 6 17 7 11 15 1 
22 28 6 8 28 15 18 14 10 7 4 4 15 10 24 10 2 31 1 29 19 30 1 1 18 29 3 20 23 21 25 25 17 0 0 16 2 22 0 19 17 21 15 17 11 8 28 11 21 31 22 8 20 4 24 10 15 31 11 27 10 24 30 17 29 17 17 28 29 20 11 12 25 28 16 18 5 6 8 20 27 9 4 10 0 0 24 
1 1 18 14 2 3 17 4 18 5 18 2 21 26 13 6 31 2 1 24 15 2 28 18 31 31 24 28 3 0 26 1 11 22 16 7 10 3 22 11 13 3 13 24 12 27 7 28 2 26 31 3 0 4 19 0 13 6 13 14 17 15 8 1 18 31 14 28 9 11 24 5 2 24 12 22 0 6 9 31 13 20 23 15 15 26 24 6 25 4 18 22 19 10 5 10 25 22 21 30 8 31 10 28 16 21 23 9 4 3 6 18 28 28 
29 15 22 16 19 15 31 13 22 25 26 28 5 24 18 13 29 12 24 8 27 3 4 14 2 1 6 13 21 20 2 5 26 29 13 21 10 0 22 15 14 31 24 27 27 26 17 11 28 
30 14 29 29 2 20 23 1 23 20 5 18 8 11 30 14 17 27 29 24 10 16 30 16 11 4 22 17 15 22 10 4 7 30 17 13 10 12 21 30 22 17 19 1 7 30 13 19 15 27 22 11 23 28 
11 9 12 24 6 21 31 11 21 24 12 19 20 10 14 18 27 28 19 28 10 9 30 30 10 29 11 17 2 16 31 10 10 23 19 28 14 20 18 16 12 2 12 14 14 25 26 3 12 1 26 24 1 22 21 13 21 26 10 12 7 19 0 17 22 11 11 0 14 31 10 18 28 31 
0 18 26 30 0 13 22 8 17 11 21 1 4 5 18 18 16 0 3 17 10 15 29 10 6 8 20 2 30 12 8 5 25 10 29 28 4 22 17 7 24 25 20 10 22 30 18 27 23 26 18 31 28 25 28 6 17 0 15 19 30 30 23 13 10 6 8 23 12 11 24 22 28 15 30 2 29 20 12 21 25 12 19 3 13 29 29 5 15 15 31 21 16 21 23 20 2 5 7 26 6 14 
24 31 16 24 5 9 5 14 25 11 0 1 13 3 18 5 9 8 7 2 17 27 25 12 14 
9 25 22 5 1 23 20 16 13 13 30 20 26 13 20 22 31 12 30 8 26 17 5 28 19 27 5 31 19 25 22 8 10 13 3 15 28 16 21 3 10 2 11 15 13 8 29 11 7 17 13 7 28 15 25 22 29 11 0 10 1 1 29 9 3 3 24 11 27 3 13 28 23 11 18 24 3 6 26 29 1 9 9 2 12 17 14 
30 1 9 25 27 25 11 13 30 8 11 7 19 23 29 17 17 6 9 23 20 27 30 0 28 29 12 6 21 16 27 11 8 22 1 17 27 31 7 22 6 9 19 7 17 5 25 20 22 13 23 26 0 13 19 19 29 0 3 2 19 31 0 2 22 23 5 21 28 0 14 10 31 13 10 5 5 4 30 27 12 23 29 8 0 4 25 30 26 15 6 24 26 31 18 21 7 28 26 11 10 21 18 18 6 21 27 21 21 16 5 31 20 31 25 2 19 4 2 10 7 4 4 30 9 
4 3 8 28 11 24 18 29 25 6 10 2 8 24 4 16 11 14 5 29 6 29 11 22 2 1 3 17 2 14 19 24 31 3 6 20 14 29 3 26 
30 2 10 16 8 22 20 24 5 30 3 8 27 17 25 14 4 21 6 25 18 11 12 17 11 22 22 17 5 22 27 20 26 27 15 27 16 21 14 7 31 0 29 13 17 23 27 21 1 27 26 1 1 11 26 23 13 31 25 14 30 6 8 13 28 0 12 24 27 21 11 27 9 30 22 27 25 1 8 1 29 28 31 16 2 10 26 21 11 5 2 26 0 10 27 13 24 31 23 17 1 
26 30 27 9 3 24 25 23 30 5 28 12 24 22 9 25 17 27 15 8 13 17 29 26 3 25 3 31 4 17 12 23 2 7 6 16 20 25 4 17 12 22 16 22 17 17 0 4 29 1 31 22 16 13 5 26 29 26 6 2 16 19 12 31 13 29 3 8 31 3 24 1 27 3 13 26 20 7 13 13 9 3 6 23 24 11 6 7 17 15 
31 23 29 9 20 28 4 11 25 16 1 13 29 7 21 30 6 23 25 23 23 28 31 26 1 4 27 9 24 31 24 24 1 5 20 0 26 19 25 27 28 7 7 29 5 15 15 21 3 24 4 28 27 17 18 17 11 26 15 6 13 20 19 22 4 7 28 18 6 15 25 2 4 14 23 19 30 27 29 17 1 7 28 16 4 3 0 14 16 27 8 27 18 13 26 14 0 30 1 1 21 10 22 21 15 11 13 16 19 14 25 26 20 
8 30 30 27 28 7 18 2 27 30 25 30 21 31 27 11 15 26 31 23 26 8 16 17 14 13 4 0 30 14 0 13 14 29 3 1 24 21 30 27 28 4 10 7 5 
2 18 12 28 27 30 31 19 28 29 22 24 23 13 12 31 11 15 0 3 21 20 29 
29 28 20 24 10 1 29 11 5 7 16 28 6 13 19 7 13 19 19 6 21 8 30 8 0 11 11 29 30 21 3 12 27 17 27 22 13 4 21 30 15 21 3 15 31 6 21 0 24 15 29 22 0 0 29 15 6 4 15 7 26 19 23 8 12 23 25 16 12 24 25 4 3 18 30 18 
26 31 14 11 7 18 0 23 5 8 2 16 7 27 25 11 31 7 1 24 5 1 8 7 27 6 30 2 1 28 6 28 3 18 5 26 12 21 18 22 13 30 30 21 28 18 28 29 7 12 8 8 4 21 25 19 29 10 27 14 21 16 5 28 13 9 9 5 7 31 3 27 10 16 9 22 31 20 25 5 27 1 1 29 16 20 30 0 31 3 3 25 31 30 12 11 20 30 24 31 19 13 15 29 7 3 26 9 31 12 9 9 10 12 15 18 22 13 23 
25 0 13 12 9 8 21 20 25 13 21 27 24 0 28 7 1 25 8 19 19 10 24 16 2 31 8 29 5 4 28 2 21 18 22 30 17 17 11 23 9 23 1 26 1 17 16 2 31 16 31 26 20 3 6 26 8 21 15 18 18 4 3 15 30 23 29 18 24 4 27 4 24 15 0 17 13 7 2 29 5 20 10 18 5 22 2 4 5 15 7 21 18 28 13 13 27 22 7 19 14 17 1 14 18 12 5 9 14 15 
23 2 3 26 10 14 16 26 14 18 0 12 29 24 13 15 25 29 7 16 6 8 30 19 12 14 18 10 4 1 30 9 0 27 22 2 6 6 9 19 22 1 6 4 6 17 8 3 17 13 25 30 31 21 22 1 22 2 31 18 7 29 21 20 31 9 14 14 17 4 9 12 0 26 8 23 29 16 29 20 26 4 3 11 20 19 6 19 17 3 19 21 10 14 16 31 
29 18 6 3 31 5 15 7 14 20 30 6 13 21 10 15 2 9 12 26 17 18 31 27 8 18 9 30 26 10 4 1 
9 26 16 10 19 29 3 3 15 14 20 15 8 19 23 16 0 24 11 19 11 21 3 8 26 20 29 6 22 29 6 14 24 
19 18 25 19 13 16 26 14 2 3 10 1 2 4 24 2 21 22 26 16 26 5 7 22 1 14 26 16 21 18 17 9 4 12 21 16 0 1 27 24 17 8 31 27 24 3 6 2 
23 25 17 1 5 4 10 1 4 12 24 0 4 0 24 0 24 23 22 24 10 11 10 7 1 9 29 17 27 27 8 25 21 31 10 5 22 17 25 15 9 16 9 29 14 0 28 25 21 23 17 23 7 26 2 5 23 15 13 7 1 18 14 6 14 6 8 1 3 29 30 2 11 1 6 31 27 22 18 28 3 15 25 15 31 27 22 12 0 10 2 13 16 6 9 28 13 26 28 
17 9 30 8 2 18 22 18 27 20 0 16 14 26 7 19 19 23 3 10 3 27 24 5 12 30 4 5 9 3 29 9 15 25 1 16 9 23 9 18 7 12 7 5 21 14 1 15 16 2 26 16 30 14 5 8 27 7 29 30 25 24 1 14 13 20 
12 10 1 21 10 25 23 23 0 12 27 27 12 13 0 31 20 3 26 17 30 11 5 29 19 23 14 29 5 20 18 11 2 13 28 3 10 27 23 15 26 1 6 13 14 5 0 21 25 21 20 3 17 7 24 30 25 15 22 2 1 17 8 16 2 25 15 16 4 3 0 22 22 30 23 20 24 4 19 6 12 24 18 27 28 8 9 31 12 9 8 7 20 6 16 6 25 17 19 26 26 25 0 19 8 1 28 10 31 28 31 12 8 25 23 16 14 16 21 21 21 7 5 8 29 5 13 7 
17 15 25 20 6 7 8 28 6 1 10 29 2 13 15 4 4 27 2 12 12 27 10 10 8 22 23 2 11 20 19 24 7 1 31 30 13 0 22 28 11 4 14 8 6 18 12 27 7 
26 15 13 21 20 20 11 20 6 8 4 8 21 0 27 18 30 12 4 29 20 6 0 11 8 25 3 5 19 23 17 16 0 26 9 14 8 16 7 3 23 17 0 16 1 21 9 17 3 14 21 23 14 11 29 27 28 11 27 19 31 21 4 0 3 3 6 2 28 21 11 19 26 6 17 3 19 27 
11 24 6 9 12 12 20 17 27 9 2 15 27 16 9 24 18 30 22 3 0 4 13 0 16 3 1 22 18 26 2 9 12 21 26 12 5 12 29 4 15 2 28 15 10 3 24 19 17 15 3 18 8 12 30 5 2 20 13 
10 30 15 20 17 19 1 28 17 30 20 15 28 9 2 25 19 7 25 8 22 12 5 25 26 8 0 16 16 26 30 16 30 22 13 14 20 2 18 29 28 24 28 4 20 12 26 14 31 5 17 20 31 5 14 28 3 18 9 27 1 2 29 1 3 9 24 28 23 23 22 28 23 1 29 20 30 14 14 18 11 28 2 4 1 4 0 28 13 14 30 31 9 9 11 24 13 9 5 25 1 31 23 6 27 5 14 
0 29 4 27 17 15 28 6 12 16 30 27 29 1 4 9 25 1 14 11 30 1 11 16 0 29 22 22 0 30 9 25 1 25 9 24 17 21 7 30 24 7 29 8 16 9 10 17 23 7 18 13 5 6 23 15 4 6 24 13 7 25 13 2 4 15 24 12 19 9 0 7 26 3 7 5 15 17 23 15 29 14 13 11 16 24 2 13 30 19 4 25 4 13 12 11 23 26 16 14 4 26 11 2 5 2 25 8 3 16 3 16 0 19 6 9 3 
16 29 22 18 20 0 1 4 5 0 4 24 0 27 19 4 9 4 7 17 
8 29 13 11 5 0 28 15 20 21 10 1 30 1 13 6 14 20 15 26 25 6 7 19 26 10 15 14 29 9 
9 4 5 1 22 14 15 28 15 21 9 13 27 10 30 20 28 21 31 6 30 9 17 30 6 27 9 20 22 21 25 4 5 3 10 13 5 14 4 18 9 23 18 2 28 8 8 0 26 3 17 5 11 3 31 15 13 2 27 8 15 17 8 9 9 11 20 22 26 5 16 0 21 1 29 3 0 6 3 19 21 19 26 12 13 28 3 20 
6 27 28 19 16 1 15 12 18 4 29 20 22 21 7 3 21 6 7 26 30 21 28 20 28 13 29 0 23 0 25 4 22 10 15 11 8 6 19 26 5 5 18 19 18 30 1 20 18 10 12 27 11 9 8 27 28 15 17 21 7 15 10 20 15 23 19 8 30 30 27 19 3 4 31 25 8 
28 9 11 29 6 25 11 18 27 16 13 19 2 31 25 0 7 27 26 18 20 11 9 10 31 22 19 1 7 4 27 9 26 4 23 12 28 13 19 30 29 17 25 20 15 19 8 21 14 21 14 5 8 19 4 2 25 6 17 9 11 16 20 15 19 22 22 19 18 19 18 7 4 26 19 14 9 15 3 11 27 15 3 21 2 30 28 23 22 2 10 18 24 14 21 16 27 12 16 13 4 26 26 29 25 1 4 22 29 5 22 28 30 15 25 27 17 25 
24 11 6 20 3 13 17 13 3 1 4 18 0 12 28 0 3 2 7 2 1 30 7 25 21 27 30 0 9 3 12 2 14 4 4 27 7 14 3 20 6 15 3 7 24 8 16 
5 24 10 25 3 29 9 24 22 10 11 2 21 3 2 24 13 25 28 19 16 30 27 29 6 3 5 13 20 6 22 2 7 7 9 3 31 15 0 12 16 21 19 6 15 25 6 17 30 13 23 17 11 3 20 23 10 11 5 28 25 8 23 2 16 8 4 28 0 3 26 5 25 2 0 18 4 11 9 30 14 24 8 18 14 27 0 21 21 21 19 6 10 28 10 0 26 30 5 22 31 7 23 13 6 5 31 6 22 30 31 22 19 22 7 22 22 4 
11 30 29 22 30 1 22 12 4 5 11 26 7 23 11 31 13 29 14 31 27 7 3 2 2 14 29 13 8 26 13 13 24 12 3 8 1 3 11 10 18 14 28 18 29 14 22 30 22 25 27 28 9 10 30 8 6 9 25 24 15 16 12 21 4 9 1 27 30 3 8 6 20 2 26 29 23 18 17 27 1 27 18 21 24 1 2 8 24 5 23 26 18 31 19 13 3 
9 27 0 29 2 21 4 30 26 8 30 15 30 27 16 29 28 6 15 4 22 29 15 6 25 19 1 10 18 25 5 9 0 3 24 21 20 10 28 1 29 26 27 26 8 18 1 5 28 5 14 3 25 15 22 15 15 2 3 18 24 21 1 8 1 13 26 20 4 2 22 19 17 4 3 3 17 5 12 2 8 0 7 20 5 2 13 18 28 25 2 5 22 19 21 
28 20 15 18 23 29 24 4 25 24 24 7 13 17 16 11 8 25 17 17 26 31 25 16 18 27 2 5 24 8 1 1 13 8 21 3 3 2 15 30 31 19 31 22 13 30 29 6 22 1 19 12 17 20 19 15 20 11 23 8 29 28 7 23 16 26 18 0 8 17 18 2 3 25 14 10 6 11 25 8 2 27 14 27 19 7 22 21 6 15 22 5 21 30 8 14 22 24 17 9 26 17 31 9 
27 12 5 18 22 19 26 4 10 11 22 17 29 13 27 3 4 4 2 19 9 1 18 19 3 8 26 15 18 3 19 17 21 27 26 5 28 18 15 7 31 16 29 0 21 1 6 14 8 
21 21 31 16 8 2 4 26 13 1 26 18 26 25 29 9 28 25 21 10 13 7 5 24 25 4 26 18 0 5 9 3 28 9 16 2 16 2 0 16 30 29 28 3 30 24 3 12 16 20 18 28 15 10 8 27 22 2 4 3 21 26 17 18 31 17 20 21 31 12 31 15 24 20 22 4 5 14 24 24 20 30 
28 27 0 21 29 6 1 15 11 11 20 18 18 18 13 21 31 26 30 2 24 28 25 13 12 10 19 26 5 13 31 3 4 20 25 2 8 16 12 24 7 9 27 7 5 17 21 26 
12 11 28 5 14 29 4 25 23 1 19 14 3 11 29 24 30 3 15 11 28 22 30 5 18 11 19 2 21 7 4 3 9 5 24 15 5 26 3 9 0 26 15 24 5 21 13 26 22 9 8 24 19 0 28 9 7 16 2 29 19 21 7 3 30 13 0 24 1 11 23 15 28 22 12 19 22 24 27 13 9 16 14 31 30 
3 26 25 28 1 8 7 20 3 1 1 8 2 27 6 17 8 3 9 4 13 8 13 26 9 
30 26 26 26 0 1 24 5 3 1 9 5 12 10 21 1 20 12 26 9 23 3 19 10 17 0 21 24 12 26 31 4 18 30 2 28 23 20 4 12 12 22 25 22 0 31 22 12 1 13 18 4 10 
10 6 19 28 4 7 27 4 8 22 24 3 15 26 0 5 4 29 5 9 23 28 3 17 0 5 16 25 14 24 6 3 25 6 1 23 3 29 17 27 15 25 30 16 28 1 24 0 4 30 16 5 26 17 20 12 13 20 5 6 2 5 1 24 7 5 22 16 2 7 16 23 30 23 10 23 26 12 31 2 1 21 10 7 11 25 5 23 2 31 29 28 25 3 31 13 16 7 9 19 4 14 30 8 
14 29 23 29 10 3 16 28 19 11 22 27 0 24 11 30 20 23 24 14 2 6 14 21 2 12 16 5 28 8 23 20 18 14 10 19 0 1 17 7 9 2 6 13 22 27 0 19 25 23 5 24 14 21 2 30 12 9 24 29 20 29 8 31 29 8 4 18 2 22 17 16 7 19 9 23 4 18 8 31 3 3 7 5 7 24 12 16 23 28 
7 28 16 21 16 1 0 3 23 17 4 22 1 24 25 17 0 18 23 21 5 4 27 21 26 26 11 12 28 
26 26 6 22 23 11 0 15 12 9 8 18 6 20 11 13 21 20 22 17 25 17 18 25 19 0 15 30 4 13 12 4 12 16 27 7 9 26 14 0 28 1 19 7 13 23 24 9 10 3 7 30 7 10 25 22 17 7 13 14 17 14 20 19 8 7 11 13 
28 10 4 13 12 27 29 23 11 7 24 5 2 7 10 12 22 12 8 1 0 9 3 29 18 20 1 2 2 0 13 2 20 5 1 21 22 25 29 8 17 22 12 11 
13 8 17 6 26 13 5 1 23 23 21 30 6 5 4 10 27 9 24 27 25 29 10 28 15 13 26 14 15 14 4 14 16 6 13 4 4 5 17 27 11 28 
2 8 27 22 16 17 19 26 1 29 30 3 10 29 14 3 24 31 3 7 22 11 6 26 1 22 24 7 16 21 18 24 26 13 31 15 3 28 16 0 3 22 9 6 13 5 7 30 2 21 10 19 15 7 7 22 15 7 18 1 12 1 22 18 6 0 30 25 10 0 15 25 3 5 12 6 0 
8 16 29 26 29 3 3 22 16 3 31 22 13 12 0 18 30 14 23 30 22 19 30 14 4 14 1 18 29 28 1 20 17 19 15 5 5 29 10 24 25 5 6 15 0 1 12 12 29 30 14 17 23 28 15 28 10 7 15 30 26 14 31 1 1 3 26 21 24 4 28 22 6 
15 23 20 1 16 18 4 2 12 15 15 29 8 27 19 6 2 27 0 4 1 2 2 25 
3 27 12 24 27 7 6 1 18 24 27 16 22 22 1 12 2 22 8 23 7 12 24 0 15 27 0 5 30 9 3 3 27 29 8 11 2 4 4 22 9 6 30 9 0 2 19 11 21 29 8 18 12 29 25 0 5 16 17 10 22 23 27 20 16 31 4 30 29 
11 19 12 25 30 19 25 2 19 26 13 30 24 24 23 22 19 23 21 5 4 5 22 18 3 13 28 27 28 27 19 28 31 11 0 15 0 16 6 23 17 18 19 0 6 27 4 12 4 27 5 
22 13 12 17 26 19 17 15 10 6 30 28 16 21 22 10 4 1 3 10 23 21 9 4 9 18 1 24 31 28 6 27 3 3 19 28 22 27 25 3 23 3 14 2 1 3 28 1 22 4 1 25 26 4 10 11 15 22 28 6 16 15 24 21 9 9 11 0 27 6 30 5 29 11 12 10 27 17 0 16 31 24 25 19 2 15 25 26 24 7 15 4 4 14 0 6 1 12 17 5 22 2 0 27 6 3 24 10 25 7 0 2 6 13 13 11 16 25 28 28 6 8 12 1 31 8 5 
28 19 17 15 26 29 27 0 18 6 30 18 2 30 3 13 23 11 29 5 17 19 1 29 8 25 15 4 11 20 31 17 3 29 3 4 18 18 12 7 2 1 25 29 31 10 11 19 19 9 23 19 4 29 2 9 15 5 31 13 0 12 2 6 29 1 2 9 27 10 24 24 12 12 3 28 31 14 6 8 7 10 2 12 1 16 15 25 3 22 14 13 29 28 5 30 23 30 1 26 31 4 22 31 9 28 19 7 15 24 0 6 31 22 15 29 21 3 14 12 
11 9 1 21 25 21 5 18 21 2 29 12 25 11 20 30 5 7 
10 9 23 6 2 28 23 7 27 21 28 28 21 12 30 0 0 22 7 16 1 26 27 9 24 8 8 25 0 12 0 2 29 3 8 0 24 16 30 3 24 14 12 21 
16 2 3 14 0 10 14 4 0 24 28 4 10 9 4 10 8 8 18 11 1 12 15 19 26 28 2 2 26 7 4 26 21 7 6 29 25 7 7 30 24 5 29 20 0 30 21 27 30 12 27 10 5 21 22 23 0 27 8 21 3 25 19 3 7 15 9 12 7 15 0 18 4 25 0 0 21 11 19 29 11 26 22 9 29 19 26 25 11 28 18 19 3 8 0 29 28 19 22 6 23 29 22 
27 15 14 0 2 28 0 7 28 8 6 28 7 14 18 28 25 10 0 16 6 15 14 1 2 26 27 3 19 26 3 0 5 14 17 9 20 8 15 13 18 19 15 31 2 23 12 21 18 7 30 0 20 26 4 1 14 18 1 10 25 7 10 20 22 11 18 29 31 5 23 1 24 11 1 0 5 30 2 3 0 2 19 25 29 19 12 13 15 16 31 28 30 12 12 22 14 6 29 28 27 21 23 7 6 8 25 3 6 1 
8 12 27 12 31 3 11 22 8 6 26 31 29 18 21 19 8 16 3 17 19 2 15 19 31 16 12 7 30 15 15 20 30 9 6 20 22 31 17 11 31 7 1 30 3 16 6 11 4 1 25 1 14 26 24 25 11 13 31 22 18 28 1 1 31 24 18 31 6 7 10 2 
4 17 20 3 24 13 27 10 26 30 17 29 5 31 0 1 3 20 12 4 17 20 5 29 27 22 17 29 17 24 8 13 10 29 30 13 25 4 15 4 20 23 18 28 9 19 9 20 4 14 7 25 2 17 15 28 24 26 15 3 31 9 4 17 24 16 10 0 1 29 23 5 22 16 3 3 18 26 29 13 5 7 25 16 6 16 1 14 3 3 26 20 20 27 24 6 17 25 13 19 27 7 17 16 24 18 9 22 13 12 13 19 25 6 21 7 2 17 
18 28 3 19 13 20 27 2 8 24 27 12 17 24 0 15 20 8 20 28 15 8 30 6 15 15 19 20 22 22 9 5 31 30 13 6 4 18 18 8 24 
8 19 28 23 7 8 14 2 9 7 21 18 11 24 22 11 9 30 6 30 17 31 27 20 6 27 22 21 3 29 14 19 24 26 7 4 1 3 23 0 19 19 15 18 18 14 13 1 11 18 6 4 28 9 10 23 24 18 0 29 21 8 1 24 22 8 30 28 28 16 30 12 11 25 21 5 21 16 2 13 6 17 10 19 16 25 28 3 8 17 10 13 4 9 31 8 18 7 5 20 23 22 12 6 25 18 2 8 13 18 11 21 6 8 31 27 26 24 16 1 
25 16 14 6 10 28 13 10 26 10 22 27 24 31 2 26 24 11 20 19 11 8 2 1 31 1 29 17 15 28 29 8 30 8 20 21 20 0 9 16 0 23 26 10 15 23 16 1 26 29 23 13 12 2 19 25 12 9 15 18 7 13 12 20 27 8 7 0 22 4 10 22 26 20 20 11 30 19 31 3 13 21 8 21 10 0 27 
5 7 23 9 22 2 7 26 29 31 3 15 29 11 30 30 31 18 29 27 27 
7 28 2 17 1 2 6 17 17 31 6 0 15 27 30 8 13 14 13 20 11 29 3 28 13 21 8 13 21 30 13 25 15 19 5 9 19 10 21 25 31 25 30 18 3 27 3 5 1 15 26 22 26 31 26 5 18 14 2 3 30 31 9 10 23 27 26 26 10 6 19 12 11 31 29 15 
1 19 30 23 15 23 24 14 22 6 7 21 25 27 21 1 8 23 30 21 25 22 5 25 18 26 21 21 11 9 8 2 14 17 24 8 6 18 15 29 25 23 15 26 16 10 9 1 23 22 8 27 25 17 6 7 31 19 11 21 4 6 14 6 0 11 26 26 21 1 21 3 9 22 12 31 0 20 21 8 14 23 31 4 25 17 4 4 22 11 8 0 11 19 30 27 14 25 20 15 28 5 25 5 23 6 8 21 1 5 9 25 19 1 
6 19 18 31 9 6 10 20 13 22 6 8 19 0 2 17 21 8 6 27 17 7 22 10 15 12 22 0 22 29 18 6 27 31 10 1 17 14 22 4 17 19 20 23 24 19 25 28 3 14 13 31 8 19 15 23 18 31 7 10 2 9 20 18 13 1 15 0 21 9 9 4 22 2 1 16 30 8 27 12 5 
4 2 10 3 16 29 1 0 27 24 2 30 27 13 17 4 15 30 11 7 11 5 7 18 21 15 13 13 3 3 28 29 9 31 28 8 24 19 12 22 20 26 1 30 25 2 26 12 25 1 25 13 0 18 18 26 24 26 11 11 5 30 19 20 13 19 3 28 15 12 1 1 4 6 17 23 21 16 27 9 26 26 15 4 17 7 1 3 24 27 3 27 13 31 21 5 27 16 29 19 22 1 18 21 29 16 29 29 16 1 17 30 9 4 24 22 1 21 16 24 11 12 
25 1 7 5 18 9 12 20 12 20 8 29 14 4 18 3 19 22 14 19 9 13 10 28 20 
18 12 29 8 18 21 16 21 8 7 29 29 31 14 9 2 20 15 26 10 13 6 3 26 17 7 11 30 16 20 21 10 14 2 14 8 8 21 19 7 12 26 17 11 16 17 29 8 28 3 11 13 27 30 20 13 24 27 0 2 23 9 23 22 23 26 8 5 11 9 6 16 26 20 18 9 21 1 3 22 11 24 14 19 6 3 23 11 24 21 18 30 23 9 9 15 13 21 14 9 21 26 28 0 14 17 23 21 29 1 6 16 28 26 25 23 12 
26 10 9 6 8 25 28 19 22 20 17 29 25 5 8 30 30 19 29 28 6 4 18 22 13 20 8 7 4 25 11 14 6 14 5 3 23 10 1 12 25 5 13 3 31 13 11 19 2 4 0 11 23 4 9 20 16 8 11 11 18 19 26 25 19 23 26 15 
14 18 22 18 3 27 9 19 6 17 18 19 23 15 12 0 27 9 3 19 14 21 7 3 26 10 25 10 0 0 25 7 9 22 13 28 9 5 31 10 20 1 5 26 27 9 0 10 24 19 20 26 21 4 8 0 9 17 15 6 23 22 26 
30 25 9 28 19 20 14 20 18 2 19 18 26 15 6 28 2 7 8 22 13 29 30 15 31 3 7 10 4 1 12 14 2 22 28 11 18 13 2 2 31 10 3 18 1 21 
18 22 7 0 13 11 30 22 11 29 4 23 30 6 0 4 5 8 24 10 10 4 3 22 3 16 4 27 22 20 30 23 13 9 4 28 14 24 27 12 26 21 11 3 29 21 3 23 21 11 1 9 14 30 6 29 0 4 24 19 22 18 24 1 27 25 7 17 9 2 13 29 28 0 0 22 28 23 8 27 18 3 6 17 17 7 30 24 2 27 16 3 10 12 5 4 4 3 5 24 3 15 9 3 19 1 17 19 28 10 24 26 26 30 1 28 28 20 31 6 8 30 7 10 20 
0 31 8 19 30 26 6 25 8 24 1 31 1 4 20 1 15 3 19 27 3 11 4 8 6 24 11 24 19 2 16 21 19 5 5 28 18 6 8 4 18 3 20 13 11 14 17 14 30 2 22 7 9 19 29 0 2 19 22 21 10 13 
17 2 25 23 17 14 19 5 11 2 17 4 6 5 9 2 26 29 5 29 30 11 6 31 1 16 5 15 14 18 16 23 28 13 29 29 17 30 30 21 27 25 19 28 13 4 13 27 4 25 24 10 5 4 19 29 18 28 12 30 30 15 18 4 16 29 2 21 27 6 25 8 10 31 18 1 26 25 22 24 22 28 19 1 26 30 20 31 22 1 30 17 23 31 12 9 5 24 14 27 25 28 11 22 17 5 18 1 4 28 28 9 8 23 
21 7 10 8 8 14 27 5 3 8 1 13 28 19 25 12 15 8 30 26 31 5 10 25 27 3 22 20 10 26 10 24 9 28 15 11 8 9 22 13 14 15 27 0 8 22 6 5 24 9 1 14 24 15 23 25 10 15 5 23 24 24 4 4 26 9 0 15 14 12 7 19 20 1 23 13 29 7 22 10 28 11 4 20 28 10 10 7 15 2 31 6 25 19 28 23 3 29 4 6 24 12 17 2 27 27 12 0 4 14 16 
17 9 24 26 9 24 2 9 10 23 20 7 16 13 29 9 5 25 18 27 9 11 9 18 24 12 16 17 8 31 21 21 9 0 15 27 16 8 20 9 0 23 8 7 9 23 15 17 1 18 26 4 7 24 9 22 4 23 13 31 3 31 27 16 0 27 20 0 17 10 13 31 27 31 27 5 15 29 19 31 9 5 20 6 13 10 10 19 31 1 15 17 9 1 30 6 22 30 27 
9 27 28 23 14 4 22 12 6 13 29 12 5 13 19 15 22 25 17 7 12 8 4 8 27 22 14 15 30 8 27 4 25 23 11 11 29 10 25 7 20 15 11 7 29 2 18 15 21 5 20 25 4 24 17 24 30 10 18 24 23 16 10 9 23 18 28 3 9 4 17 15 14 21 3 17 11 25 22 31 7 2 8 0 30 18 10 17 17 16 29 24 31 24 10 24 30 5 26 31 21 23 20 
10 17 29 16 13 30 4 24 21 13 24 23 19 20 20 23 16 20 23 1 20 22 20 12 8 29 28 6 11 1 18 20 9 30 30 20 18 23 23 6 24 19 21 17 24 9 26 27 17 5 10 22 7 8 30 24 22 6 0 21 30 25 30 11 3 20 6 0 1 5 3 8 21 23 28 25 8 4 27 5 29 4 23 24 8 17 3 4 17 4 4 19 27 10 4 30 0 14 25 23 4 1 13 15 14 31 29 29 8 28 7 7 2 6 29 27 13 
9 5 1 24 14 21 10 0 17 11 28 4 7 20 20 10 26 20 10 11 18 5 17 26 23 25 5 26 18 20 21 19 2 18 3 2 8 14 16 16 24 14 27 10 30 15 11 27 14 29 6 27 31 12 27 4 
16 3 25 18 5 13 22 25 29 13 26 9 19 30 7 17 2 31 7 20 24 23 20 30 25 31 10 28 11 11 23 6 16 13 14 26 24 5 23 31 23 23 14 2 26 15 14 1 10 25 0 17 14 8 10 12 9 24 30 3 20 11 3 31 3 20 21 26 22 24 29 4 7 24 2 4 20 14 11 31 1 6 25 0 2 8 22 16 5 15 20 22 10 9 14 0 2 7 8 8 6 28 30 1 31 9 3 26 15 29 
10 26 3 31 7 25 3 6 11 8 26 24 1 15 28 7 4 10 7 29 15 7 20 21 24 31 3 10 10 0 5 0 26 30 0 14 27 7 1 9 29 23 8 29 16 10 12 28 3 18 17 12 9 13 22 29 30 11 18 22 12 1 5 19 27 31 28 10 8 23 19 21 19 21 11 31 24 6 3 24 16 4 30 4 15 27 13 27 1 20 0 
11 1 7 11 26 17 8 3 16 7 10 17 0 1 25 0 0 12 10 17 13 25 31 9 3 23 25 2 23 3 19 12 4 5 2 19 28 18 18 25 4 7 23 13 10 14 28 15 29 26 6 26 12 5 21 16 12 19 21 1 17 20 7 16 16 31 20 2 21 17 19 30 4 26 2 17 8 28 0 28 27 24 1 19 1 24 1 8 7 11 11 0 3 18 1 21 8 14 5 11 
24 13 16 30 3 20 6 27 27 5 26 27 6 9 18 18 24 16 14 29 8 15 17 7 23 9 25 27 16 8 25 28 20 12 20 8 31 30 20 7 31 21 16 4 15 24 25 1 24 13 19 7 24 14 20 2 6 13 17 16 11 24 21 23 14 19 9 29 29 4 28 9 24 8 4 8 21 30 16 14 13 12 11 17 10 24 
14 3 29 7 9 29 17 30 0 2 30 20 3 28 18 20 6 6 4 0 9 7 13 23 12 4 18 2 0 5 19 20 25 25 27 12 5 20 1 22 11 24 21 11 4 3 6 26 6 19 27 4 24 8 14 4 22 4 24 5 16 5 14 31 26 31 4 25 9 10 0 15 10 16 18 24 20 15 12 4 20 26 26 11 0 11 4 14 13 22 
31 29 4 27 19 5 27 5 28 0 31 24 3 15 25 14 24 13 24 30 26 4 9 10 6 29 2 15 30 16 13 0 5 25 23 4 15 6 21 13 17 
7 6 26 17 16 24 25 7 11 26 23 4 1 10 27 26 1 12 30 2 21 8 30 0 16 21 11 5 18 8 6 15 26 1 26 16 29 13 4 19 6 31 1 30 11 20 1 16 1 17 21 18 10 7 18 24 25 8 22 13 21 20 15 4 27 24 21 14 6 24 26 9 0 11 4 10 24 5 16 14 11 9 2 24 16 30 21 17 12 6 31 27 19 18 4 22 9 28 
12 31 18 7 12 28 16 7 21 0 2 23 21 24 0 7 1 8 3 31 4 9 26 29 23 25 5 24 31 27 9 19 22 16 1 4 6 
12 28 17 29 26 6 11 31 12 2 4 7 25 17 27 18 7 4 4 0 25 19 10 17 18 23 17 8 10 10 20 20 18 20 14 14 11 22 10 12 3 24 2 27 27 21 14 17 0 26 26 22 10 23 25 6 24 1 25 15 21 24 28 22 20 27 2 30 1 8 23 18 2 1 27 6 30 26 5 22 22 18 30 12 15 17 29 18 7 30 22 29 28 17 1 24 16 29 30 18 4 31 11 18 28 
28 29 6 19 18 21 22 2 13 28 9 17 9 13 31 18 24 12 22 19 6 13 18 20 1 28 0 24 25 9 13 23 18 30 24 12 14 20 21 
0 14 11 6 15 1 10 25 9 31 28 10 15 15 22 24 11 17 25 8 15 21 6 1 0 18 31 21 4 10 23 6 8 19 31 11 12 21 1 5 8 14 30 5 25 13 25 25 9 27 2 18 27 13 5 23 14 21 17 2 28 31 9 5 28 28 5 19 11 22 19 0 28 17 13 28 21 4 28 21 24 5 22 19 3 31 29 20 17 13 6 21 4 7 23 8 2 15 21 14 31 22 10 0 19 22 6 17 18 29 3 26 1 30 8 28 6 31 26 15 4 12 14 
26 1 19 3 29 3 5 10 5 6 1 16 14 30 15 20 5 9 6 29 2 22 1 30 6 11 24 10 23 31 6 12 1 26 27 14 16 10 28 22 15 6 11 3 23 0 5 10 23 14 1 5 9 25 21 25 12 28 1 6 25 10 29 3 26 20 21 4 28 18 21 20 29 13 21 11 26 29 23 9 22 2 2 4 30 8 22 20 23 7 24 4 5 5 4 8 30 12 
8 26 10 24 5 7 9 23 1 26 17 20 8 6 3 23 24 18 15 30 25 14 2 19 19 21 7 2 4 6 31 14 5 19 4 30 
16 29 18 5 7 28 5 11 13 29 10 17 9 18 26 9 26 21 3 23 12 7 6 14 12 7 8 10 8 30 1 0 15 13 8 0 13 9 8 3 11 18 16 2 8 3 4 14 17 12 26 18 27 24 6 10 21 10 29 14 8 29 31 14 21 30 29 5 6 15 25 17 30 20 3 13 31 31 8 20 
23 29 6 16 20 15 13 25 15 2 20 26 19 23 19 15 20 2 21 8 18 9 26 7 8 7 25 1 23 5 12 26 20 17 19 12 29 29 27 7 9 28 15 28 30 26 20 31 1 6 24 29 20 21 7 22 16 15 17 2 13 6 12 25 1 21 4 12 7 25 16 4 23 3 27 5 5 5 19 26 18 16 2 19 4 31 12 10 18 23 28 3 2 
7 7 11 17 3 26 21 12 20 23 18 20 3 17 5 24 4 17 20 1 24 24 24 20 23 24 25 16 1 18 3 1 21 24 0 4 8 12 12 27 1 30 21 10 13 23 2 18 15 23 23 5 9 29 5 21 20 29 20 31 8 22 28 8 22 17 3 13 3 22 30 22 8 15 26 29 16 24 25 13 9 20 24 21 8 20 2 6 16 23 8 18 17 8 21 31 17 12 20 23 25 1 2 27 0 15 2 
29 8 21 0 18 31 19 6 22 12 29 10 25 14 30 2 2 5 27 17 10 16 18 14 4 28 9 9 1 8 1 28 14 12 26 24 1 2 26 16 21 2 16 26 22 22 16 18 11 20 2 24 25 18 1 16 6 19 31 0 3 29 24 15 18 15 13 15 6 10 24 
11 20 20 1 28 29 9 24 14 1 13 9 12 19 10 12 12 10 12 2 24 10 11 2 24 21 14 19 16 19 18 15 3 14 24 29 3 16 24 8 9 12 6 21 
31 3 25 10 29 14 28 14 13 12 19 24 2 12 12 7 22 13 15 20 13 21 11 
2 2 7 0 24 9 24 31 15 11 25 2 2 2 0 18 10 4 15 16 9 1 15 13 20 17 8 4 5 24 20 20 17 27 12 11 7 30 27 21 14 9 22 2 10 7 23 28 20 18 24 14 28 19 14 16 12 10 10 22 29 22 29 15 8 9 14 26 17 8 4 6 9 11 20 12 19 15 12 15 6 14 27 11 2 16 1 17 25 21 18 25 2 0 0 12 7 11 18 17 14 5 12 17 19 
5 30 16 4 12 31 10 18 13 6 8 13 26 8 12 23 5 1 0 9 26 29 14 1 16 1 31 26 5 14 8 4 28 24 6 5 4 8 26 2 17 5 16 8 
24 29 26 7 29 19 19 26 26 7 27 3 22 22 6 21 11 25 2 1 29 16 20 10 27 26 12 25 17 4 1 11 21 1 17 9 1 4 8 23 20 23 6 3 11 3 16 11 30 3 10 16 
27 1 27 28 5 22 28 25 25 31 30 1 30 0 15 26 11 29 30 23 5 12 5 2 14 7 9 29 27 27 3 29 7 19 11 27 23 23 4 7 24 9 22 3 3 11 1 27 25 23 15 3 17 30 0 16 7 
14 10 4 5 11 11 9 8 18 24 21 4 27 23 2 21 9 3 20 11 10 15 13 5 7 0 3 25 31 3 7 16 24 19 13 21 7 4 22 15 17 28 23 9 29 13 
20 9 19 15 21 19 4 15 29 14 26 20 14 2 21 6 27 8 18 25 4 2 4 10 7 28 27 24 29 13 7 14 11 23 29 3 7 17 30 20 8 1 26 22 16 29 11 18 28 21 5 10 25 3 7 27 
10 28 24 14 24 11 3 26 16 24 11 16 19 26 26 11 28 5 17 24 25 17 30 18 1 29 27 19 21 21 26 13 8 1 22 27 28 14 28 11 15 13 30 10 22 27 24 18 15 28 13 13 9 8 12 8 23 7 5 6 11 27 23 10 31 30 18 8 30 20 7 24 21 21 6 6 13 31 10 6 2 24 24 26 31 20 19 8 14 4 20 28 3 15 31 27 28 16 3 19 24 7 30 0 23 30 6 25 9 26 
1 22 16 8 13 2 15 16 9 24 27 7 15 1 9 2 31 17 1 18 20 8 13 8 30 9 27 28 15 14 16 11 9 30 22 25 27 5 0 27 3 28 2 10 20 0 6 27 26 24 7 28 5 25 0 21 5 23 15 9 13 5 15 5 4 16 30 25 11 18 25 8 0 12 18 
