3009 2316 2004 2109 410 3199 140 3101 4056 2121 1582 2646 2295 2574 39 632 1097 2808 1581 3074 1074 376 297 1846 3219 492 2591 2022 566 1616 1703 1456 457 1365 719 4011 1215 2148 1524 3723 142 2882 3285 716 3652 402 2449 2559 1886 526 3098 258 2344 3240 1128 3814 2767 3783 1793 1796 1148 3933 2536 3529 3793 1173 2346 4074 3160 3 672 410 3723 2673 599 4087 2684 50 1513 787 3110 2367 3770 2952 1966 3925 1938 3072 1413 2882 2713 2177 1683 2606 366 3670 3024 3202 
562 3612 2987 2586 159 3893 2333 1781 898 3001 1481 1863 3889 3895 2276 54 835 1423 222 2541 1228 2202 1541 1423 303 3595 
4004 3700 2807 2946 2734 3914 21 682 982 3405 1194 1547 3492 3706 1564 996 71 234 2891 1246 676 251 2296 913 2479 730 272 1491 3926 2477 1134 3078 1719 1601 4061 3919 1625 529 318 2007 3509 4009 2847 1749 1166 961 3298 2345 2362 2764 190 2040 1075 50 1293 2978 3198 698 851 2519 745 2515 3163 972 1879 1921 1791 2764 788 1645 
3664 909 3533 4043 553 3855 2793 1264 1094 4043 2687 3954 1441 2578 2418 1050 
392 3566 1131 3884 739 3742 3518 2414 3604 3565 3906 2038 1657 3666 2376 1977 1546 151 2468 1148 2182 2516 2988 2757 3197 4077 1430 1778 818 768 2858 1713 3218 1713 87 2559 1524 533 2569 3661 2006 1637 348 3986 2070 2749 983 1036 1613 1836 1260 200 1501 201 696 609 1190 2765 802 3979 3689 2345 1048 4049 2830 3238 3265 3252 299 1329 290 201 393 2200 3559 3960 2792 1533 4028 2558 3342 2343 
2510 303 1132 1238 1210 2099 2437 902 1260 3607 855 1131 2077 1052 1898 2933 3918 1106 566 2945 3272 3972 1926 3554 3391 2365 1238 3946 1750 3871 798 3789 3417 2859 533 2975 3619 3045 3122 3704 592 473 449 2225 1801 3022 3954 3706 1716 40 3866 3939 3186 1489 934 212 2685 3567 1751 1140 1891 332 2423 2541 1788 3481 125 3710 1720 1236 1034 3444 357 2590 3672 2643 3576 3556 2652 2681 2427 3851 238 3207 1813 879 3438 2903 3108 445 927 3109 3227 
4065 2201 1558 2878 2086 1775 2985 1646 2348 3242 3055 1898 2359 2910 1628 1057 2738 2927 1522 2618 3330 485 1768 2116 1865 1265 3902 1428 2991 696 3466 330 352 3669 2094 3070 3901 2569 3843 2251 2035 659 
2709 1703 582 3653 477 152 657 384 350 215 3414 2850 1131 2138 3052 1217 2022 2646 2971 2177 2489 2747 1468 2139 434 1913 3709 1208 3798 3622 2501 1439 1963 3284 150 1854 2285 636 3698 895 4022 1646 739 646 1612 2412 2441 1465 114 2601 1217 3495 730 2009 
524 2468 252 795 3662 400 243 3405 3939 823 1744 3031 1209 2286 1343 2210 3727 448 3551 2963 3568 2945 3882 1516 2377 2438 1528 963 316 2978 3497 3794 385 1077 3474 3570 712 2621 524 3544 2876 3846 1320 2450 801 2399 601 301 179 553 2830 
2835 794 3018 3183 2438 567 1614 3390 855 1524 3665 3595 1580 737 1333 1497 2547 3369 3139 85 3262 1160 11 2566 2252 3821 511 736 635 1016 1817 1336 2220 368 1166 1706 856 1151 3156 709 535 2520 
1560 2226 1500 2562 3080 575 894 1575 2387 2864 3001 640 2095 455 1260 3951 1847 2337 1785 2743 186 2735 3845 3649 2483 3615 888 3933 1098 3473 683 2993 1032 3558 2558 384 658 639 
1431 1088 1785 3748 2150 2325 3006 1101 1770 2713 1617 3235 2186 2737 1204 1452 2730 2585 3802 2763 498 1493 2740 574 369 1470 3125 3669 803 3607 2070 1973 3891 3836 2713 877 2176 2480 2284 3136 4001 2380 248 3273 171 1106 717 2535 928 2924 255 1602 1438 2644 2124 363 2848 2040 949 4059 1379 596 1126 623 3941 1762 3127 2874 596 2324 2289 1248 3862 4046 3201 1714 3911 882 1374 996 1601 1916 1290 3758 1012 3183 529 273 2740 1832 1689 180 1117 2849 189 2992 
1416 1163 2263 874 2090 2970 1989 2966 2536 3984 2135 1567 727 2306 848 3794 125 3260 793 2088 3803 3450 932 39 2064 994 1023 3621 2376 383 2629 2914 435 1197 2151 1898 31 3798 2133 328 2556 209 2252 1914 3108 4047 3337 4069 776 3725 3824 3936 2310 1964 3649 3889 1773 1160 2438 955 2149 3793 127 1586 1201 191 3908 920 3330 770 1476 3112 586 4077 3623 2842 1549 809 2515 2333 990 3580 
377 2417 3557 937 3264 1383 715 1391 1635 1207 3545 2930 1945 3183 3588 1021 2736 3378 102 1201 2504 3113 2383 1376 2155 2126 1716 1452 1013 4044 3880 3255 101 2390 2894 2490 2466 613 3993 663 26 2937 3473 1969 233 1608 1774 2444 3079 206 1954 1703 1532 547 2684 2546 2570 2507 2823 1829 1874 2009 
3023 3407 1690 3315 3824 3375 1459 3500 174 614 2051 1590 3694 4046 3357 1085 426 244 1089 2566 838 3241 1256 563 2182 3872 2926 345 335 575 2166 1448 3195 2167 65 4033 2910 735 2236 4095 674 463 1303 2666 1376 318 2436 2197 1861 4093 4006 2129 2712 3915 2447 1665 3584 2053 1909 1342 1649 1082 868 871 2223 2552 3337 1214 1324 3364 3057 325 2448 1689 4095 2595 1240 947 2255 3584 1423 2877 3313 3536 2288 3268 
1069 2234 1537 1102 2914 2444 3640 2550 63 2607 1370 2692 3066 3170 171 3160 2035 484 1527 201 3599 3120 2626 423 1587 898 905 2608 1573 973 2422 3573 3552 2465 1108 440 3513 1442 1573 1621 2878 3895 1144 919 1347 4053 2768 1986 675 808 2420 2100 543 1242 2005 
393 1146 3698 2949 3152 2425 3837 3381 668 959 699 422 3123 3824 3998 398 444 3059 1948 3697 1629 1774 949 3135 3226 971 3979 754 1704 530 1533 891 3551 2792 2132 39 2356 3543 1259 454 433 3770 119 3805 2277 1205 912 1971 1400 2521 1264 816 1217 2582 570 2685 2649 383 518 2440 3142 1129 3790 3118 1962 519 2460 569 3146 1552 590 3833 3452 195 3690 1481 433 3799 2909 3813 2002 1826 2614 1418 544 2846 3530 3977 3974 1456 119 246 2972 1617 698 2369 2996 850 3720 2807 1203 3396 2675 2640 3497 3218 723 1354 3812 58 2818 
4070 2499 1142 3127 2593 2091 1637 3327 541 3729 3274 540 1952 2361 236 542 3311 875 1065 2906 1989 327 2123 2563 1674 1798 2186 2543 2725 4074 3369 2889 2849 1031 200 1509 3894 21 255 836 3374 2201 2596 
2143 1322 2383 3499 2232 484 424 2352 2972 645 2972 346 1555 1335 429 3404 2244 2907 3219 1525 30 2492 3891 3903 2421 218 2287 1705 613 2840 284 3867 966 2786 694 3923 931 2461 2288 1267 3991 1184 3657 2206 2930 1970 2264 292 1571 1237 2031 1296 976 777 2778 3969 963 95 1714 3971 3384 3798 2333 873 34 3837 731 3435 2474 84 1724 3203 1040 1755 1588 2614 1644 2994 308 1944 1613 2925 3628 125 30 2548 1413 4078 106 274 3460 354 
1882 3274 2234 2154 116 3466 3425 1769 4002 2044 1090 3510 3941 1281 3880 2867 490 2064 2630 3943 3775 2949 3743 2324 1475 3146 3622 2498 4030 2436 2995 2306 3462 2755 281 3217 2712 2696 2057 445 1183 91 695 3406 2992 3478 2866 2615 1964 3809 2540 3632 1415 1922 2287 811 1938 2375 1162 1693 1717 1139 1947 3831 2345 880 2912 1009 1643 454 653 275 2407 2166 2580 3041 4081 
3454 1039 1953 2733 307 2900 1839 3000 2854 2341 2591 1475 87 1191 832 1576 3120 2329 2326 1130 3969 649 1083 173 2816 856 148 1279 3716 2999 2785 2257 1129 2802 2935 1819 2437 3892 2283 3819 
2805 3638 1530 1159 755 3386 2742 2660 3110 2594 3488 1380 3256 3 604 720 3332 2221 2115 3097 4046 1092 2602 3055 3318 1063 1806 3755 1817 1715 4065 1574 436 3863 1227 1987 3891 
3852 48 196 1485 598 2592 1181 1187 2177 442 3280 3246 2896 631 1405 1952 2955 1357 2160 903 2402 1682 2011 305 3198 2478 3502 3799 3600 3137 203 205 3940 2247 1842 3447 3178 2568 735 436 1715 1177 1392 2548 2071 3923 4061 3750 4004 1568 2087 3125 2740 242 3165 2617 134 31 0 
2352 3457 2653 392 315 1965 106 2468 3426 47 3009 63 2084 3444 2437 3939 1113 2997 2448 1532 3605 408 2076 2679 1000 153 3806 2070 3397 3071 1935 921 1485 2390 964 618 153 3614 3220 4083 2284 353 3728 1036 459 682 897 3509 1932 2374 283 2676 2124 2286 1752 3355 1401 3419 661 2531 3356 172 3266 2118 3760 2570 2908 2482 265 3994 1209 3649 1804 634 1525 3109 1276 3344 711 1701 2504 569 951 1604 1893 2473 3245 2047 69 2920 1144 1476 3223 2750 2986 1047 2068 3042 2941 3149 3673 3097 1729 3380 3459 3012 1860 387 1203 2769 1587 1486 720 1836 1427 2009 3606 2556 416 3216 155 1629 2681 3631 3974 
2441 3583 971 3459 3342 2176 2768 1736 3878 2810 376 3884 4042 974 1501 231 3196 2177 2320 2360 92 3670 4060 3218 1582 4061 1054 2014 2982 3769 3713 610 42 1741 1487 3340 1087 1513 1187 1201 2913 3807 970 2425 904 850 2903 3379 3244 3008 1870 2744 3018 303 1018 2169 228 191 128 3339 1401 918 2770 3851 1381 2623 311 2431 1321 1355 3250 2963 297 469 3159 2057 848 430 3364 1057 2993 3741 834 3860 2139 1149 3988 2431 1842 2506 3725 1292 1564 2385 4092 1758 2473 2879 215 1292 2905 2784 1796 1108 120 1080 2400 1282 2139 1188 1016 357 691 3290 
2188 835 1377 3447 1760 1213 1848 2437 96 2547 128 3187 3942 2458 1263 3936 528 2325 3645 622 1777 2292 2646 666 3424 2647 1882 2583 1218 3909 638 3352 3334 3049 3169 1232 1557 3363 2432 2004 3633 2994 2561 2793 2991 3076 3518 3250 3951 3913 3682 208 1179 1881 1526 1784 436 452 990 1201 2897 878 4042 1632 670 3276 3077 140 1822 3569 715 3239 2121 2577 2119 1338 1267 1691 2484 1104 339 3966 2580 3440 1581 729 2445 1111 3866 1879 422 1437 881 3524 2298 2054 3875 2216 1251 1193 1536 2740 3180 560 1052 3682 910 620 1659 611 2851 3330 357 1911 3393 
1774 3237 3297 786 1607 3663 1409 598 3407 1611 61 4034 2496 646 269 1563 228 2419 2186 655 34 1458 1005 3046 3295 774 1755 983 3867 1655 1972 748 4000 2741 1329 2429 2891 506 3805 3959 458 13 3081 3137 516 2650 2830 1115 748 1077 1120 2205 2849 1182 1690 40 660 2394 872 2374 656 1437 324 3558 3213 1938 2897 1889 2794 2474 1825 
3661 1907 371 135 2133 973 2991 94 128 659 1214 2395 3065 3845 2752 1209 968 52 2358 1352 3859 3230 644 6 3910 408 2657 2047 3010 1925 760 549 2965 2660 1509 164 2261 901 3320 2331 3883 986 1101 2843 71 1096 465 345 1234 609 2590 49 2622 192 743 2428 3752 1024 3649 127 126 2800 3481 4000 3562 
700 3068 763 3285 2210 538 1065 2216 3234 3453 963 4074 2024 1662 167 2497 2500 766 2565 3913 2006 1418 151 1360 2610 399 936 3597 1419 124 104 3125 3368 1104 3191 3783 3037 65 798 2643 813 3164 3695 1296 3068 1968 572 2337 254 2740 2608 359 3608 3175 3637 50 4019 2144 3774 2012 2391 2259 3903 1892 171 274 2226 3003 3037 3042 1606 2895 576 2905 3448 4065 3248 888 1147 2165 1292 2118 2919 2162 2744 2401 3689 2577 1326 3330 522 2560 2652 27 423 2605 2565 150 1860 1022 3441 2524 3730 1328 431 315 1594 1992 3241 1366 1731 888 
1937 3824 2299 2935 719 3319 2605 3992 1831 3540 2144 3910 3746 3486 1472 2449 3570 2238 2717 3892 
2369 2824 1300 4093 830 3393 846 2762 3897 1654 1015 1835 62 836 1960 1360 2851 3682 933 419 826 634 3325 841 665 3190 1672 689 2739 3656 4079 3447 1127 585 2543 2033 1999 1726 982 40 2576 1398 520 2744 609 3731 1195 89 3349 1467 3561 3362 2172 2621 2350 1776 3920 655 2712 588 3764 4047 1087 3972 3931 97 72 2209 3814 671 1299 500 1951 2195 2863 2332 471 857 302 1354 1349 1346 2918 3095 844 740 2355 2225 146 4007 2546 1606 523 1389 416 759 3194 1989 1432 2173 333 964 1179 1277 1494 1501 275 2082 2639 1590 2813 1229 3843 2034 1225 1898 
157 3717 943 3766 3388 818 1792 3120 2329 3300 1977 606 2577 1467 3372 2879 3531 4062 3777 216 525 3919 3606 2299 599 3643 1024 891 3668 84 808 2391 1471 664 3357 1870 189 1177 753 1272 2025 156 3161 3708 3962 2157 3659 1161 1342 2522 3370 2619 559 4022 751 3267 3799 171 2100 2167 1021 3967 3787 2091 2047 2752 3361 2695 3343 29 2234 3279 3075 1165 112 187 3078 1031 1697 972 1261 1775 1348 4010 4042 438 2508 1888 603 1721 3328 12 1354 2948 3552 1374 3902 2882 3468 466 3367 242 707 951 2727 424 2894 1136 587 3108 1039 2274 2505 2730 2406 2514 1021 1118 3626 3583 3703 2862 2849 2491 3137 75 1380 
2116 872 3507 3837 1253 2194 1783 638 3425 771 1432 2291 1767 3281 1121 3928 1910 1125 1814 2618 3573 3285 2137 2281 3825 387 1607 2922 2755 2084 
3463 3636 2965 77 286 700 21 3630 2457 2083 3236 179 234 2586 1475 1780 3754 428 4022 3717 748 714 1784 2677 3816 1653 3312 1066 3868 3735 2594 3806 4055 2120 1423 2990 888 1159 624 3330 3679 1213 2827 1861 2968 3891 3440 3583 3896 561 2304 904 1976 2827 692 1804 29 631 1424 4049 590 1610 1861 2667 1564 1444 2774 1227 215 2006 
3292 598 3977 584 1621 3328 2242 498 640 3059 2565 604 1870 3881 1799 631 3599 3149 3521 1802 1728 1986 4094 4044 2357 53 1098 2418 1203 3715 3948 3585 1441 890 2148 3486 816 1569 3501 771 414 1623 3192 1402 2757 2553 2957 3646 89 3644 2796 1084 251 2176 1402 346 1188 893 243 2323 2567 3606 3998 3141 3357 1829 1120 3167 2075 2948 1488 187 3561 3933 2218 3385 3312 3807 854 2394 2831 2931 2657 2880 1514 1341 811 2502 664 938 708 3216 1452 2209 3737 1930 3486 2565 1180 3939 1625 3377 3375 993 768 2271 148 2829 3459 1207 325 2813 3616 2526 1993 3955 2197 3636 268 1303 2320 363 1274 2003 581 3051 2270 919 
3801 2659 204 2714 340 2610 179 1901 1675 2733 2962 941 2062 1448 2638 3424 2270 2594 979 878 1013 2215 3697 3186 3310 140 1934 2260 2126 2286 622 3651 2735 1014 2154 658 1435 1801 2550 2879 305 1070 2025 1476 
1653 251 3702 701 2264 3883 363 1445 3961 3580 2880 895 2608 1177 1775 2843 1434 3666 1642 1826 1963 3416 3273 689 2069 315 575 3172 1481 296 1903 2186 2754 3341 3923 787 1361 2652 2940 231 3831 528 3564 981 1926 686 4077 1791 3655 3652 3102 3386 4037 3419 2408 2407 478 2573 3782 3405 2507 2929 2584 3409 477 4044 203 2248 2824 1859 293 1587 2279 2517 1081 3147 1964 4039 3646 944 1632 1689 3499 3162 1711 3168 1724 
1823 2932 2883 1270 1514 1277 460 3460 3565 2887 1225 638 290 1951 1162 3413 15 115 2572 3293 1535 3694 998 248 3219 883 3779 1153 3123 1615 545 2750 535 2180 658 447 1222 3469 2657 2732 2539 1984 2825 1527 2691 749 3352 278 1959 1433 3713 2364 3616 2448 2876 2979 3605 1539 438 1077 4090 707 3250 929 3893 2257 1819 3166 804 812 1539 1338 960 2300 3176 2073 315 2823 2578 3008 1316 382 1785 2499 214 1198 488 213 3479 1354 2506 1511 1701 441 4001 3154 4027 3783 2236 3544 2612 4048 1346 208 1489 2082 3729 489 1664 3122 1663 725 2091 
3935 1350 3478 1616 1304 2795 217 1648 759 851 2825 1449 2794 910 2862 1809 28 1287 1 1459 1567 1557 9 432 2513 1796 3693 3696 513 669 1251 2782 1609 788 2698 1899 30 3848 3524 576 1308 2714 488 2170 1033 110 1804 534 3121 2749 1398 206 3033 3275 3207 1296 1390 2726 193 1798 1812 3040 4087 10 1367 318 215 4080 2442 1013 2679 628 2809 2651 3618 413 2679 1304 2090 1850 1493 1890 683 1100 3278 3317 3937 2565 3645 962 16 3827 2465 777 1309 1298 283 1986 3626 2109 
3443 3456 3558 22 1233 216 3229 550 1821 241 1461 758 2614 1703 1082 251 861 1572 2674 3496 4087 3651 349 3610 580 1589 1135 528 2238 183 2431 2925 1530 70 2064 434 1033 992 2522 394 2556 3781 283 965 727 3008 1281 1939 1358 2271 4 2573 3228 3593 3582 2930 1494 993 3084 1716 824 1585 1226 2862 3360 671 3835 3952 624 1781 2235 644 170 2244 2108 503 631 2537 676 1777 1374 1812 2614 2286 2162 542 2523 2051 515 3419 1853 660 2052 1970 2629 1818 3169 327 1344 4075 596 2569 2423 3642 1930 165 4077 336 2564 145 1186 1687 3278 639 2783 2052 17 2035 
898 1637 2599 2840 1770 3906 1604 694 326 563 3657 4066 545 818 67 1857 3448 886 1516 3951 2997 1389 2649 2917 592 3816 1810 3130 2512 345 3661 
1867 1672 951 102 3117 343 3000 1206 2267 3534 1526 2534 1102 640 3698 3530 3428 2157 1508 743 
1579 106 658 2146 149 112 990 3184 2503 2437 303 86 2235 134 2904 3214 110 3296 3441 323 1929 3315 511 982 1920 1477 3103 3669 2813 3598 1845 3088 3650 2556 423 2863 1942 382 1632 586 3725 3932 2029 2718 1305 304 1648 868 3820 2428 1367 864 1400 166 3613 3539 3122 163 4093 220 3721 1577 3765 3680 2699 59 770 1076 3515 2419 2796 576 2919 2829 3600 3647 595 1624 2656 2787 3786 1839 2594 844 583 3128 3125 231 2889 1783 1386 1815 2385 1491 1035 246 
3889 2225 4089 1070 2427 1287 3787 3964 2099 2880 3165 645 4032 2748 2383 949 4083 3464 421 3594 3833 2617 3265 28 731 3278 2340 988 1674 515 3492 3573 3692 1472 3722 3966 2547 1911 3868 3770 2523 835 3726 2950 1788 3696 1473 
2667 1520 674 3057 2267 75 3255 2902 2725 3187 1780 1551 3521 604 2243 3316 2198 2392 836 2581 2668 1288 2097 1311 3537 2805 3340 40 2182 2319 588 3578 1053 884 
3577 269 3758 2082 3795 920 3721 2602 3076 14 2303 3911 1031 3482 1562 323 2813 2043 72 628 2085 3253 1159 2069 1661 1189 1563 1621 387 863 730 561 2729 3288 3548 894 2171 1340 2797 3764 1999 3421 3336 3170 3302 3272 2756 3465 3027 1917 910 1503 1322 4085 2201 1339 1583 742 1660 3962 2848 2179 2241 1785 3520 3132 4018 1732 
2224 458 3192 296 2796 3305 576 691 2938 3082 1334 3654 466 1401 3287 2864 1779 770 3982 3086 3807 723 2050 1491 3167 267 1852 2910 136 2141 2538 3799 1375 3833 996 1058 3506 3355 3679 371 2931 4018 1831 280 1445 229 1006 548 1263 3196 4043 1006 205 3697 2267 714 3868 931 278 2391 1626 2580 2815 1719 3872 2307 2570 2501 1470 1071 2031 3548 2928 3680 2974 2203 564 952 1009 3266 2673 3760 1293 2105 2653 2052 2935 3769 1006 1767 947 967 837 1010 
431 589 1628 2659 3533 3901 3778 2825 2775 2566 3463 2847 3584 2626 1755 3240 959 954 3102 2897 393 2263 1572 3144 3119 3820 3709 2610 45 2475 3971 1087 2256 3489 730 2927 2001 3833 3820 2826 1054 1893 1935 1011 1972 442 3270 457 1210 1721 1552 2310 1546 1782 3236 2104 2491 2605 245 
2584 3945 1086 1791 2542 2870 2049 1010 845 675 1249 700 3710 2930 3609 1883 3621 1344 1987 3378 775 3561 4044 3139 3116 173 3389 1499 3369 3112 3994 771 2164 3944 1800 1138 2181 251 3251 3400 2130 2362 250 2755 1774 2005 2856 786 2162 
2365 2760 3821 1948 264 84 3105 166 1336 3755 721 737 1737 3581 1145 2698 2452 2965 4001 1010 2206 2114 1925 3495 3502 3606 899 1928 2295 2725 3618 2314 3225 2048 14 410 1160 3138 3386 1099 2379 1386 4010 2648 1378 2107 897 1564 419 4004 775 381 3702 1930 179 1672 918 474 4007 670 1396 720 2536 1005 3374 2237 3890 1955 143 583 2049 3593 1663 1271 2100 2567 2666 1036 1262 1223 1533 930 3002 1717 2139 1705 2730 2954 3605 4017 3992 39 1122 2326 3107 62 1173 1677 
1406 429 3599 259 1238 88 1264 1455 2527 3507 2537 2955 3167 2348 3866 1556 2146 813 2303 4016 2445 3678 586 2819 2810 3330 2318 975 3772 805 1950 2747 1820 2297 76 1379 1974 3076 399 530 2276 2568 3385 3345 1200 2970 1827 2990 1322 3201 3895 
1782 661 2888 1047 2148 687 109 3509 109 3068 1902 1221 4076 3444 3881 557 3765 715 3735 1698 2251 1101 3601 1157 3610 1350 59 344 3126 2630 2742 2059 3748 3870 1417 3013 3049 2888 2643 51 2602 602 3623 2388 2813 3706 3975 3159 2935 1324 3628 3541 3793 2482 2805 1177 1304 732 1111 811 2294 432 1848 2562 3257 3503 1272 3101 3285 90 3904 266 3623 2319 1025 1399 3211 3391 2699 1761 890 1827 2732 177 1906 1564 1680 3861 2903 1743 3575 3193 2583 3424 1416 2597 2187 46 2385 2511 42 1239 932 583 3474 3735 1125 1370 2273 2576 3216 2531 
2716 1457 3783 2976 2860 3503 1273 1097 293 1643 3899 960 3543 312 2945 2514 2372 210 3591 1572 3748 2008 1343 1365 458 1765 1025 3682 1654 3947 2475 813 740 1133 920 2561 1283 192 2092 3162 2766 2395 372 1649 3305 3117 3402 1820 1507 1985 3201 1153 708 2575 623 1197 1977 897 1656 2727 2767 3231 1018 3560 1303 1481 3997 3288 437 3797 2103 2887 1809 205 1885 3879 870 
92 2059 3746 1892 3880 3060 308 3486 4049 3909 1658 3756 2064 3577 2274 2795 401 1693 3871 2003 3071 2713 3066 658 703 2942 3160 2255 340 1658 1691 4074 3371 687 1281 652 3492 1391 330 2939 76 300 3444 4006 3635 695 696 1548 582 2475 2503 3297 3838 1761 2710 912 4015 105 2221 2181 1806 3466 137 1864 908 1807 3476 316 1593 4090 1922 2894 1231 
3284 3179 1581 3854 1965 3095 891 667 589 4065 19 1772 2567 629 98 2135 3508 248 2132 431 1846 2430 1233 1951 557 2788 375 3427 3488 
1208 52 2891 3051 1920 585 3357 936 4028 567 1882 2799 3357 190 633 641 417 2702 1422 3820 1857 655 875 2590 3920 3588 1162 1443 2563 298 1146 
2136 2387 602 1816 1147 2687 60 2483 922 2685 1666 2865 3989 3276 762 1003 2980 2565 3742 2350 2386 1226 2490 2804 318 1983 2784 3766 3935 839 1407 2837 645 1858 2811 2706 3040 25 3055 2350 589 3696 1648 3807 446 677 1796 1594 1446 1346 586 2343 632 2463 694 192 1950 853 3214 1383 1500 2935 366 1500 842 3862 2734 1806 1272 2626 1472 114 902 3424 2999 874 2386 2320 3955 413 1294 3749 3061 931 1175 1274 3382 1148 1765 2532 2353 2260 887 2700 461 150 831 2192 1538 2255 1255 120 1076 176 1678 1857 2167 316 302 3319 3967 1228 2419 3613 818 877 3347 
1086 1205 500 1133 1190 1323 1752 3592 840 1747 2482 1455 2594 335 3153 2961 1082 3410 3064 2042 2612 1771 380 3445 3346 2972 2392 3339 3404 2595 894 408 1421 2757 367 1653 235 531 3641 2077 1085 2555 1929 630 4033 1333 905 1961 
3579 3963 1831 3122 2468 2672 2743 3350 684 3420 2396 1483 2794 3856 560 67 1520 1293 1382 730 1248 300 1507 2290 249 3571 841 2882 3387 2040 3973 1551 374 866 1603 2243 1631 3013 3181 1653 1654 225 1459 1092 2406 1843 405 3057 1193 3643 2906 186 1956 3389 851 2471 261 2998 1852 12 1720 772 1972 2224 3318 2347 1234 4005 3336 2395 151 2971 4047 1569 3292 1707 697 1815 1003 1874 1321 2122 2248 1100 1560 1477 3362 187 3290 703 1387 3434 2611 2517 243 892 778 3329 1053 487 1841 3914 3242 2814 1681 1582 782 1939 487 651 2313 2103 1655 565 3289 602 1158 814 3954 4078 2236 2755 3278 58 388 
1631 2654 737 2577 2592 2791 2693 3055 863 12 3747 4048 2490 3723 1210 1385 1560 1153 910 305 484 98 1863 1200 3394 799 2098 2527 2484 2641 3724 278 1277 2075 356 1314 3549 3274 3430 2546 2892 2306 2073 405 3326 640 252 2538 397 2254 2366 758 2444 600 2619 3130 1216 2922 339 392 769 3772 
3405 1267 1709 1194 744 2814 2169 788 1593 3007 1418 2544 1095 723 1246 2976 3421 1665 3067 3383 2304 1348 3131 3535 837 255 937 3283 4078 1818 799 554 1908 1740 4019 2156 2527 2190 3889 2676 2764 3429 1811 3809 2056 650 2489 803 2762 538 2042 1470 176 3138 340 3616 
3375 717 1365 1893 681 819 1141 3274 1649 3484 1722 144 3838 389 3878 3078 1673 3588 296 244 1956 1940 1732 2978 94 2125 1661 2124 397 4045 1959 2161 2653 1522 3339 2914 2395 2817 1354 3008 3258 2723 149 605 2170 0 2363 3524 3654 2972 325 1315 282 44 2424 1447 795 1963 275 3385 1446 2540 2808 2994 2803 2551 1507 3834 2855 52 3854 3714 147 794 410 3856 2902 2144 14 907 2 2615 2318 515 4036 831 3389 3414 2642 2594 1585 1069 1731 3799 1222 3066 2901 212 548 3941 2616 1409 1865 2603 2372 346 673 1519 689 446 810 3658 2125 543 2354 621 3493 1665 3111 3616 2307 33 236 
2893 1049 2273 3066 119 2053 3577 2003 891 1324 3058 1063 906 1018 2051 3084 2628 74 3491 153 535 3299 2346 864 1707 2501 2779 3411 1435 528 726 247 3977 484 4059 1455 939 786 2804 358 1301 2473 640 1554 3227 3984 2469 3331 1349 2423 632 3780 3256 968 642 3366 1104 1208 104 2109 2652 1413 1728 3004 1106 1629 1655 273 2896 3053 
454 723 2822 2281 2740 3576 2566 3527 341 812 3487 3163 2813 1698 1354 80 2215 1189 3632 3239 3860 1244 2496 2411 301 2356 3041 3312 1652 3115 3948 1441 3505 1109 662 2568 755 1854 3896 1843 4025 2147 2805 3893 2047 238 1326 19 
2117 2410 2109 2829 142 2618 2718 2006 2604 1268 72 3164 88 1460 3720 1572 8 304 4072 232 544 1185 310 1904 3118 1704 2442 2143 1884 3001 392 3503 1232 2492 2471 902 2353 1950 60 1914 3376 490 1904 2839 2410 4051 2806 1490 3642 50 2748 3489 1315 1309 958 457 1782 1444 459 803 1554 83 2408 464 672 255 2994 798 1047 321 1200 169 1022 178 1363 679 2414 3675 1943 2373 3305 3864 3466 1504 3344 3714 3172 1418 3844 2996 895 1911 1545 2853 1360 868 98 2189 2551 2944 3590 3055 862 4026 3942 1209 508 678 2773 1980 
2545 247 717 2413 3535 1666 3144 2837 2101 706 2462 2648 2364 182 2595 3842 3616 3325 3764 2950 2540 2658 1225 2345 2769 2942 3545 148 1920 336 3634 1766 1329 2050 2107 2284 
3434 1146 294 865 1126 3956 2829 2015 789 2525 1696 3171 333 3 2649 336 4095 3248 3965 137 3486 2039 1656 1984 2864 3466 2153 88 1934 3112 2635 3985 2649 3134 1440 233 1741 790 2377 2314 2024 82 2529 1931 1914 3770 1307 2287 593 2577 1847 809 2488 79 241 792 542 2871 3604 3757 2037 3937 2439 2251 1760 2313 3184 3904 3671 3913 3613 812 1860 324 1894 425 3901 3985 678 2718 244 1938 2197 2665 913 141 457 666 1905 3787 2983 1127 3676 3407 202 2109 634 1739 2979 1418 1338 2630 3802 894 2804 340 1025 3845 4071 3642 1567 456 669 3560 3343 2810 1417 
1634 2721 264 3031 3113 2499 556 2328 2761 3764 2904 196 1900 3963 2143 4053 1771 1191 831 3702 1460 1722 185 1190 2526 1647 3209 1475 2652 676 3352 3005 1052 3353 1373 3004 427 2978 360 1383 230 1623 2174 2921 3145 735 3927 2633 746 2163 897 1075 1607 29 633 2271 3258 3815 2713 3435 3405 2627 3435 462 2529 3821 1286 331 1846 2849 3621 939 1259 127 4050 118 39 598 108 2975 3671 587 2805 2419 2844 1829 3457 3298 556 1801 1336 2083 3889 2055 1484 1624 2175 1524 2214 256 2384 2355 3664 1999 3795 1216 829 487 3456 1927 
3725 3632 141 3175 3644 3006 3942 2424 1286 3972 2684 49 3893 627 2565 1557 3000 2545 1513 3631 1736 422 2361 414 3387 2856 1879 3863 21 2260 1897 830 2743 3327 1971 735 
1891 68 835 417 1882 590 1707 3103 1870 971 125 3249 1218 3295 1245 185 3380 1930 2890 1030 1571 1154 2269 3906 2397 3631 1940 1481 1134 1866 1209 736 414 1103 3377 3307 3614 275 342 1211 2788 294 980 1725 2582 3568 2696 1930 1071 4033 3792 2981 2323 3057 1279 964 3282 4008 1024 2019 3893 1382 3319 3562 306 782 3894 2405 1930 2967 1128 1966 3884 419 1184 586 3881 3293 50 2923 1918 1683 2887 1543 2532 1532 1014 477 3447 1749 306 2006 306 2734 2647 2302 3181 1408 3791 3541 1673 4017 3 3311 3732 1392 465 870 63 1592 234 2381 3254 1785 771 1220 2801 2225 2431 3469 1769 3366 
1647 227 2784 1708 1404 1131 3544 24 3310 1333 2803 1956 2203 464 429 1671 739 1763 2590 2317 1571 1146 196 2356 2447 836 2470 3734 2722 2224 1992 3048 1500 2449 2825 3172 3841 721 2515 3143 4075 2501 2783 2876 
1003 4048 1389 2291 2095 3670 3558 436 143 3550 2072 2646 187 1253 1736 3354 2421 892 1282 3403 1518 2983 1714 3875 4018 968 482 606 4016 743 3147 3063 2656 1596 1218 566 2163 3581 3918 1172 3534 3982 1975 2328 1405 2072 2542 918 3814 3729 935 3812 2248 2072 2997 3912 87 2464 2175 2453 2754 3077 4020 2247 2610 2540 995 4011 3317 3133 1912 3883 3655 1239 3132 2219 3072 836 151 657 3326 1213 3855 2854 2274 2161 953 3623 2422 2125 
1565 1027 4088 2795 3218 356 2769 2270 1304 3141 2955 3372 1929 3626 1002 2912 2255 3250 480 788 132 3329 489 1161 2213 1034 4014 454 214 684 4082 2216 3823 2244 1308 3792 759 867 3816 332 3871 1354 1393 2836 3016 3617 1988 3699 465 3512 2000 955 3446 2446 46 629 1003 1446 1080 13 3912 2508 242 1638 175 1400 2558 2503 3357 2049 3960 3119 2930 3197 119 1275 140 716 3689 2362 2326 
2236 3136 1774 1903 3276 1061 1541 105 3629 178 37 2526 3087 3131 3511 966 3613 3102 2344 2927 1111 1674 3039 853 3933 2360 324 3496 1666 3978 3524 147 199 2056 3646 1253 3741 1257 4075 3164 1048 3850 1066 2161 
800 3216 1284 2657 1468 2435 3272 3136 1072 40 1508 2085 1680 11 678 2679 1135 874 2316 3958 1936 6 1729 3881 1556 3947 2470 525 2837 3761 1594 1019 2408 932 770 2099 2677 1806 479 123 1882 152 75 3979 1239 2322 120 3592 3035 534 350 363 1608 3838 1313 2256 655 2823 1113 1338 2314 3177 2060 1296 1574 2568 3902 569 3972 89 111 1508 2158 1118 671 2414 2001 2726 877 1276 3032 484 987 2809 3280 1260 1114 3537 1777 2631 1389 1457 3814 1994 3674 2175 
2673 3072 3212 1473 2083 3501 803 1192 3928 1142 1509 2671 3479 813 795 643 4000 3339 511 2332 1321 3947 3926 1785 886 555 3754 638 4005 1587 302 947 3768 1217 671 2903 2738 1848 3051 622 1512 3137 2043 3272 523 2883 3366 1617 803 3833 400 3072 105 687 4068 2801 3351 169 1779 2125 1525 3197 727 2068 
385 518 1737 3385 2325 812 2911 1768 2304 2179 1889 1734 954 1286 459 422 1499 3318 1386 3866 3440 3129 2123 1554 1932 1086 1197 2186 1713 1718 13 512 4015 229 1777 3911 2374 331 878 443 299 300 830 1397 3125 1708 3547 250 1676 989 718 1005 1069 3818 1825 2302 1760 
36 3213 1992 2152 1654 3710 113 971 3990 3804 440 3966 2084 1293 3979 2354 444 208 787 1121 2317 1957 3763 453 2744 2125 2379 3303 801 23 2726 2756 314 1102 954 1452 2157 1156 2633 2161 3770 2553 1893 1640 1808 3875 3725 1551 2649 2353 1735 1124 2082 331 1635 3118 3763 1192 142 3722 1021 1564 2153 371 3633 3305 285 2431 792 2530 1737 4084 3510 3585 2707 2788 1542 4003 2776 3433 2904 3604 129 528 2501 3906 
195 3152 2100 3989 2543 2987 2346 1327 3406 3131 235 1987 2553 2779 1161 1001 2857 2978 3225 765 2515 2959 3337 2980 769 2079 3076 3038 614 764 1569 411 499 1975 269 13 150 1881 1897 2836 1285 521 310 349 3989 290 1599 3569 3536 1279 327 2981 3834 3030 3301 2971 3540 2953 1666 1524 1350 2960 1514 1389 928 2769 
1833 3942 1158 2667 2300 1457 3017 2136 126 1314 1153 200 1191 1791 3438 990 2924 3392 3625 460 1372 1263 2011 1102 2951 3525 3466 4065 3666 3033 147 634 1114 1677 1360 1252 3563 2123 3842 3757 2056 2032 2094 187 650 1072 2061 3077 3119 829 4032 1111 4007 1974 28 734 1702 2139 2898 854 3315 624 262 1940 2325 3845 3055 3690 974 3017 3404 388 895 3353 3550 3963 3440 2124 371 50 353 1907 1099 195 156 1668 1587 1524 2164 995 2501 2963 584 2992 658 1116 928 1267 1909 
2698 715 2954 2575 4045 2177 310 2425 1723 3149 1063 2322 3909 1539 3204 4001 796 1522 2300 1253 2903 2501 776 271 3331 551 3612 2672 882 1336 2713 2727 3971 2036 1691 795 1028 1838 3316 1782 3083 2369 1870 1670 3925 3881 2959 1572 2345 3172 1405 3291 1732 3187 3572 2426 1610 307 426 3671 1234 2112 569 2312 209 2468 3415 3231 3502 3454 2622 2470 2188 1306 3485 1463 3475 3728 2643 4011 2945 2327 1801 3364 806 3292 159 3138 1635 2602 2177 3644 3170 1688 1584 1124 2617 2624 914 427 2247 4091 
1499 892 3381 450 10 1374 2677 3715 2954 3006 2497 2943 490 1859 3910 2130 1495 3552 2183 3555 3855 3585 1226 743 3472 304 1977 4083 508 2523 1607 
2806 221 3126 69 3497 575 4034 2724 2897 4058 2239 865 2894 2081 2553 2087 1396 2880 1565 2235 1881 192 2996 1681 2829 2767 3802 3263 1320 2439 4075 2400 2964 4040 2267 3775 498 3414 2639 1305 945 3193 482 1252 
2962 105 3290 3554 1374 3118 2367 1619 2362 2383 3037 438 4030 2842 2388 1029 4083 1956 828 2699 870 770 700 1790 3482 1983 1787 39 3335 3022 475 3782 1249 3075 1303 43 883 2556 255 1112 3958 2409 3995 893 2502 3573 3723 2363 3317 2587 945 2105 3476 3349 1358 503 285 3905 2804 2001 2412 2070 1702 3543 1577 3726 217 1039 3399 3979 2315 2138 1118 4072 1374 3274 1074 2460 1931 21 2261 1065 1730 1332 620 2655 624 2626 547 1720 1804 1067 7 447 3680 642 1560 3577 2123 1172 2557 2011 3382 2316 4074 83 118 1385 1156 3059 1824 2791 1803 3263 387 4086 2770 550 2605 3599 2054 2742 1559 
2539 2039 3755 3194 1765 139 3401 1672 2628 3619 1413 756 3306 3110 2285 3207 2426 2898 2725 1848 446 1122 3295 3713 796 2464 3645 565 3333 16 1066 4058 2763 1238 1202 1116 42 1217 847 2105 897 2537 985 3109 3963 3454 
4019 3497 3692 624 3617 3189 2186 3275 3259 967 2387 1265 2848 3592 667 3543 2571 2570 2287 2997 
2064 2736 2902 3431 1566 2275 1787 3835 10 3462 316 860 97 2459 1339 2543 1218 2661 85 374 674 343 3651 1273 2128 1030 3150 647 2729 213 759 3462 3588 2676 4065 724 320 2558 1343 2563 2447 3625 1476 1796 782 3563 2111 3911 3881 2383 2068 3186 2459 3101 1799 3309 1705 2254 2924 2789 3132 602 1545 2987 2664 3973 899 2900 1686 2440 2209 1621 2960 3730 3109 2646 1448 2217 3915 1924 1058 185 
2045 1638 3491 1526 2400 3086 1594 7 1399 1255 1057 969 2253 382 3014 814 107 3785 2109 3304 3069 3769 467 955 314 3796 3408 2946 1134 4013 3112 62 1959 153 272 2127 3458 371 6 1900 78 1819 1028 3976 3055 2063 106 2490 347 3588 2840 1942 2707 1111 386 3991 2313 3114 1939 3024 3581 1044 1354 1985 2988 576 1942 3712 1439 1174 3729 1123 607 2057 2360 2206 1957 
1478 1880 448 2653 1152 1976 1058 1465 188 436 2554 2057 842 3582 3309 3863 
3958 3518 4004 406 1191 3659 3589 588 3551 125 811 2061 3852 1289 3719 3135 1539 2818 2839 2435 1624 3255 471 3883 610 3708 1282 3894 69 386 3331 2187 589 229 3163 942 3838 307 857 54 2196 3374 1889 741 717 2753 849 2049 3106 534 3226 
951 611 3882 2644 1874 461 3545 2806 3472 882 4071 2156 2843 339 1903 1854 453 3325 405 3492 3799 3204 702 587 1557 1720 540 2851 2744 2195 2640 4061 1108 1634 1828 3322 2128 1487 2820 2129 1308 1447 113 1847 3551 341 3877 3934 1559 4022 2383 2788 3975 3913 807 543 3088 1227 626 1895 2737 1189 3801 2454 3951 553 2241 2069 1515 1793 2247 3866 1908 3073 3887 3634 2213 3138 3086 3278 577 2461 3898 1333 3544 480 868 2818 1446 3566 3141 3375 2719 743 3337 3277 1480 181 4009 2906 2754 41 3771 3964 2504 1727 2651 2498 3256 820 1394 1105 3380 4000 
1721 2401 1685 2207 399 3475 2453 1597 2769 1561 1697 2575 239 398 2668 1884 908 795 361 1620 30 3602 2448 1397 3180 1635 4032 3356 508 800 1058 3846 3604 1989 417 3341 3027 1691 2884 1844 2880 840 1380 3878 2625 1367 3181 1761 
3382 2538 2192 4082 1753 1784 1758 575 3153 137 3225 1130 1631 2323 48 3171 715 2298 3200 629 1951 3902 17 1967 227 654 3066 3432 3140 3516 2803 1422 1381 3893 1713 3819 1720 2907 2696 3049 1217 2284 456 3315 792 2902 386 152 2107 2341 1046 2173 3961 439 2135 1743 1834 486 3492 357 3549 2339 1525 2103 3257 1174 3253 335 699 839 3441 1459 56 1412 1872 366 1223 1859 3513 3938 3976 1935 1048 1012 421 2501 1357 1659 1721 3435 1224 2415 254 579 2041 3509 1258 1478 3095 3779 3913 2413 2104 1897 2706 996 1637 2250 2223 1852 1733 1145 550 3422 2504 1497 3601 3221 2055 2683 3729 
4072 1601 901 253 2313 3960 749 3620 3630 2788 425 2332 1 1707 3268 2773 2425 36 2095 2382 1942 3354 3052 3731 3352 1704 1831 903 2506 2074 1704 278 3837 791 2485 1175 2444 3492 2464 932 761 1695 292 1671 2064 1526 1065 1815 2065 3084 1619 3827 2273 2797 3142 3056 323 3153 3875 3510 614 1467 1883 1519 3787 76 2176 581 995 0 976 1858 215 1671 1083 3533 1327 512 1842 2606 248 201 3289 691 732 949 3947 662 1880 925 1724 2956 3844 2806 2030 2890 3926 1492 3198 149 390 1043 
1766 577 3666 2903 3308 1642 1681 1500 3142 1801 712 727 536 2160 477 2451 1746 2065 1434 2249 876 251 235 1162 1975 2955 472 181 231 2432 3354 4082 2823 1963 1942 661 658 2446 809 504 3659 2050 2281 2817 3287 2266 3464 544 2131 3635 3861 893 3485 2525 3626 1743 2170 2353 2374 2780 4035 60 2792 1703 2593 3111 3417 2229 3759 3974 2822 2554 3098 1502 3708 2595 3666 3831 537 1102 1320 3790 45 3261 3281 2966 3014 2522 3270 1636 2128 
390 1184 1482 1131 3348 2959 599 3482 3475 3824 1926 1975 3300 3627 3213 3697 498 3396 3296 1833 3158 2314 501 1628 3863 2799 1021 2213 1415 995 3078 1267 1197 3850 1041 1390 1556 1757 2162 3290 13 517 73 2188 3502 3702 653 2168 2562 3489 3319 2834 756 4091 2407 812 1379 3885 4046 3187 780 1384 2890 201 1762 4025 3227 160 3036 2031 1378 1734 3361 3166 1361 756 3049 2285 3377 685 631 1808 1100 2194 3687 3902 265 
799 1311 773 3163 614 864 3094 253 1319 1056 1869 4003 2751 2788 1364 1749 4025 3707 3069 3274 2311 1286 625 172 330 2537 773 3423 102 2365 3307 1318 239 2333 115 912 517 2154 94 839 1916 3748 1583 1758 501 3864 110 3020 3423 741 1153 2625 483 2839 948 942 1781 3008 
1351 3345 668 3810 1959 3075 3851 1145 2911 1950 3746 1183 1983 774 946 442 1378 1580 3290 3288 2650 788 1623 1729 811 2926 1402 516 2549 1802 2271 2731 2305 1184 1601 816 
1752 2018 3043 513 3504 2934 2562 985 2260 354 2853 1200 933 2256 3873 2784 2215 3313 4082 2383 2193 3311 1518 4090 939 2022 2595 2568 3526 1504 990 3101 1222 2843 200 3033 226 1937 1991 1751 3599 203 462 722 1607 2465 449 1667 1454 1847 3118 3890 2369 2465 2425 1465 3452 145 3019 2304 3481 2631 3592 115 2179 1526 74 626 2528 2667 3867 2471 2806 2763 3478 2949 684 312 4012 742 313 123 787 2487 705 1298 1654 955 1560 3838 206 1136 379 1136 3700 3719 3294 204 
3658 2294 865 2295 2252 901 1273 771 5 461 1717 2793 945 1817 1178 143 3175 459 2884 329 1013 337 2757 974 603 2141 1365 2526 2393 1261 382 3271 1299 1113 2235 1279 1238 202 2155 2676 4049 2003 1128 1132 1536 3002 2842 54 1926 3169 2869 3253 319 630 1837 3809 573 1114 1709 3116 4086 3810 4069 2363 2979 2764 2433 462 1585 1692 1814 3505 3569 4092 3185 1318 132 2077 3656 1352 686 3034 3184 2174 466 1636 775 1015 2776 1204 3405 2914 96 2029 2714 2355 2280 3481 929 1936 71 4070 
