3 17 10 16 6 12 4 3 3 3 0 11 4 11 3 8 12 16 16 1 13 7 7 1 3 12 13 1 10 10 10 
15 3 8 6 4 3 19 4 1 12 18 16 4 5 12 15 18 13 7 2 1 5 1 16 18 9 5 11 3 4 14 8 4 8 
1 9 12 13 12 13 10 14 3 7 19 2 5 5 9 12 13 5 3 3 18 6 2 5 0 6 4 11 11 13 10 4 
1 1 19 6 2 15 12 17 18 14 9 0 3 4 16 18 15 17 12 1 8 19 13 7 10 
17 18 18 19 8 2 6 11 2 8 18 2 8 9 16 12 10 2 14 11 6 19 7 16 12 
10 5 6 10 9 2 11 17 13 11 15 11 10 9 
17 19 2 8 7 10 13 
4 9 11 16 14 10 16 12 1 
1 16 4 1 12 19 17 17 11 17 6 16 19 15 10 14 17 19 2 9 0 0 6 8 16 18 6 12 1 16 17 13 17 6 16 4 9 19 18 17 7 19 11 16 8 7 10 15 9 6 13 10 7 19 4 
3 19 11 3 14 15 16 7 0 3 11 0 11 18 10 17 15 15 19 1 4 6 9 5 
15 12 9 4 11 11 11 19 10 9 11 9 14 3 16 0 5 11 6 13 11 10 2 4 18 11 19 19 13 3 13 3 10 18 8 1 18 12 11 8 17 16 12 12 18 14 9 5 15 19 16 1 8 2 6 10 0 5 6 16 17 10 
8 18 12 16 14 19 15 11 7 7 16 6 19 3 16 13 2 
2 13 1 10 7 15 15 14 2 16 10 15 0 0 16 17 4 12 10 7 18 
4 11 14 17 19 12 4 7 10 12 14 9 1 15 19 19 19 4 9 14 12 8 18 
19 2 4 16 10 5 2 11 3 10 9 1 19 
12 18 2 13 3 4 1 9 4 8 2 14 14 1 4 3 14 13 12 4 8 5 6 1 2 3 9 
